V	 :0.297444294988011	A:0.19123925375752968	I:0.15462892566816772	O:0.1431077840809404	E:0.09561962687876484	T:0.0	U:0.09287092812445172	N:0.0	K:0.0	S:0.0	R:0.0	M:0.0	H:0.0	D:0.0	W:0.0	Y:0.02508918650213463	G:0.0	B:0.0	C:0.0	Z:0.0	J:0.0	L:0.0	F:0.0	P:0.0	V:0.0	X:0.0	
C	 :0.0	A:0.0	I:0.0	O:0.0	E:0.0	T:0.09509328030879	U:0.0	N:0.09263699631557401	K:0.09228609860225744	S:0.06532545762910112	R:0.0611146850693023	M:0.05836598631498919	H:0.044856424352301305	D:0.03438797590502369	W:0.027370021638692323	Y:0.0	G:0.021053862798994093	B:0.016784607286975846	C:0.008012164454061641	Z:0.007719749692964501	J:0.007602783788525645	L:0.00655009064857594	F:0.004503187320895959	P:0.003625943037604538	V:0.0023978010409965497	X:2.3393180887771217E-4	
