 :0.18594830724426648
E:0.10418638514743356
T:0.06803785948307245
O:0.06439752457226065
A:0.06224972697488169
I:0.056934838005096466
N:0.056279577721150345
H:0.05460502366217692
S:0.05289406625409538
R:0.05125591554423007
D:0.03687659264652348
L:0.03181652712049508
M:0.02322533673097925
U:0.022060429559519475
F:0.021113942482708408
W:0.0194757917728431
C:0.019038951583545686
Y:0.017327994175464143
G:0.012850382235165636
B:0.011794685111030215
P:0.011321441572624682
V:0.010302147797597378
K:0.003239898070622497
Q:0.0011649071714597743
J:8.008736803785948E-4
X:7.644703312704769E-4
Z:3.640334910811795E-5
