C:-0.23364158315234818
V:-1.5685143429145683
