V	 :0.3623980134799574	E:0.20305072720822984	T:0.0	O:0.12550549840368927	A:0.12131961688542035	I:0.11096133380631429	N:0.0	H:0.0	S:0.0	R:0.0	D:0.0	L:0.0	M:0.0	U:0.042993969492727914	F:0.0	W:0.0	C:0.0	Y:0.03377084072366087	G:0.0	B:0.0	P:0.0	V:0.0	K:0.0	Q:0.0	J:0.0	X:0.0	Z:0.0	
C	 :0.0	E:0.0	T:0.13260021284143314	O:0.0	A:0.0	I:0.0	N:0.1096842852075204	H:0.1064207165661582	S:0.1030862007804186	R:0.09989357928343384	D:0.07186945725434551	L:0.06200780418588151	M:0.04526427811280596	U:0.0	F:0.041149343738914504	W:0.03795672224192976	C:0.03710535650940049	Y:0.0	G:0.0250443419652359	B:0.022986874778290173	P:0.022064561901383468	V:0.02007804185881518	K:0.006314295849592053	Q:0.002270308620078042	J:0.0015608371763036538	X:0.001489890031926215	Z:7.094714437743881E-5	
