C:-1.0493107401998714E-4
V:-9.162259317883581
